2010-08-02 00:00:00,3599
2010-08-04 00:00:00,3494
2010-08-06 00:00:00,1395
2010-08-08 00:00:00,2201
2010-08-10 00:00:00,1310.39
2010-08-12 00:00:00,2062.31
2010-08-14 00:00:00,4404.2
2010-08-16 00:00:00,10731.468
2010-08-18 00:00:00,2953.975
2010-08-20 00:00:00,4199.747
2010-08-22 00:00:00,18648.972
2010-08-24 00:00:00,6711.757
2010-08-26 00:00:00,3870.01
2010-08-28 00:00:00,6174.005
2010-08-30 00:00:00,34193.138
2010-09-01 00:00:00,7164.722
2010-09-03 00:00:00,892
2010-09-05 00:00:00,8459.24
2010-09-07 00:00:00,3457.192
2010-09-09 00:00:00,1733.502
2010-09-11 00:00:00,7749.14
2010-09-13 00:00:00,10076.336
2010-09-15 00:00:00,3651.85
2010-09-17 00:00:00,7262
2010-09-19 00:00:00,12852.17
2010-09-21 00:00:00,5735.946
2010-09-23 00:00:00,15505.33
2010-09-25 00:00:00,2152.5
2010-09-27 00:00:00,10752.245
2010-09-29 00:00:00,23475.642
2010-10-01 00:00:00,1717.45
2010-10-03 00:00:00,7172.633
2010-10-05 00:00:00,27526.613
2010-10-07 00:00:00,43692.981
2010-10-09 00:00:00,187846.954
2010-10-11 00:00:00,14092.905
2010-10-13 00:00:00,47557.265
2010-10-15 00:00:00,24643.334
2010-10-17 00:00:00,18222.191
2010-10-19 00:00:00,6235.1
2010-10-21 00:00:00,44867
2010-10-23 00:00:00,4423.469
2010-10-25 00:00:00,30299.635
2010-10-27 00:00:00,65605.872
2010-10-29 00:00:00,28686.852
2010-10-31 00:00:00,40337.756
2010-11-02 00:00:00,5853.394
2010-11-04 00:00:00,29698.431
2010-11-06 00:00:00,32756.129
2010-11-08 00:00:00,118203.827
2010-11-10 00:00:00,30387.028
2010-11-12 00:00:00,40720.385
2010-11-14 00:00:00,16844.327
2010-11-16 00:00:00,33931.012
2010-11-18 00:00:00,37446.671
2010-11-20 00:00:00,14652.694
2010-11-22 00:00:00,28205.85
2010-11-24 00:00:00,2514.912
2010-11-26 00:00:00,33531.876
2010-11-28 00:00:00,20802.126
2010-11-30 00:00:00,21476.251
2010-12-02 00:00:00,20312.234
2010-12-04 00:00:00,28560.716
2010-12-06 00:00:00,4319.255
2010-12-08 00:00:00,3430.41
2010-12-10 00:00:00,1684.254
2010-12-12 00:00:00,1963.558
2010-12-14 00:00:00,10388.097
2010-12-16 00:00:00,14355.331
2010-12-18 00:00:00,169.109
2010-12-20 00:00:00,10682.705
2010-12-22 00:00:00,3800.458
2010-12-24 00:00:00,5033.249
2010-12-26 00:00:00,16584.97
2010-12-28 00:00:00,15438.708
2010-12-30 00:00:00,2539.873
2011-01-01 00:00:00,2821.243
2011-01-03 00:00:00,1425.19
2011-01-05 00:00:00,357.157
2011-01-07 00:00:00,42601.118
2011-01-09 00:00:00,1691.366
2011-01-11 00:00:00,4857.8
2011-01-13 00:00:00,20293.897
2011-01-15 00:00:00,1563.7196
2011-01-17 00:00:00,18249.146
2011-01-19 00:00:00,7309.127
2011-01-21 00:00:00,8929.123
2011-01-23 00:00:00,1378.402
2011-01-25 00:00:00,2163.718
2011-01-27 00:00:00,27745.195
2011-01-29 00:00:00,2039.56725
2011-01-31 00:00:00,63781.079
2011-02-02 00:00:00,6220.09605
2011-02-04 00:00:00,42387.189
2011-02-06 00:00:00,8794.106
2011-02-08 00:00:00,7023.3249
2011-02-10 00:00:00,26709.611
2011-02-12 00:00:00,4207.3815
2011-02-14 00:00:00,7121.6995
2011-02-16 00:00:00,7192.375
2011-02-18 00:00:00,37063.6945
2011-02-20 00:00:00,10030.88
2011-02-22 00:00:00,12095.264
2011-02-24 00:00:00,13418.685
2011-02-26 00:00:00,4744.406
2011-02-28 00:00:00,4721.674
2011-03-02 00:00:00,2741.873
2011-03-04 00:00:00,2713.135
2011-03-06 00:00:00,12685.7467
2011-03-08 00:00:00,4527.851
2011-03-10 00:00:00,8919.013
2011-03-12 00:00:00,4822.829
2011-03-14 00:00:00,5269.235
2011-03-16 00:00:00,7929.615
2011-03-18 00:00:00,14226.223
2011-03-20 00:00:00,5815.319
2011-03-22 00:00:00,12147.723
2011-03-24 00:00:00,14009.368
2011-03-26 00:00:00,11756.42
2011-03-28 00:00:00,12565.154
2011-03-30 00:00:00,3526.3103
2011-04-01 00:00:00,3520.767
2011-04-03 00:00:00,3935.48339
2011-04-05 00:00:00,9730.303
2011-04-07 00:00:00,10832.992
2011-04-09 00:00:00,12119.397
2011-04-11 00:00:00,14645.925
2011-04-13 00:00:00,43397.558
2011-04-15 00:00:00,50304.611
2011-04-17 00:00:00,24317.769
2011-04-19 00:00:00,12556.732
2011-04-21 00:00:00,39295.694
2011-04-23 00:00:00,66620.358
2011-04-25 00:00:00,13471.602
2011-04-27 00:00:00,33061.256
2011-04-29 00:00:00,57578.324
2011-05-01 00:00:00,45772.074
2011-05-03 00:00:00,16919.179
2011-05-05 00:00:00,15350.341
2011-05-07 00:00:00,17833.289
2011-05-09 00:00:00,11520.926
2011-05-11 00:00:00,52569.146
2011-05-13 00:00:00,64003.373
2011-05-15 00:00:00,18294.87
2011-05-17 00:00:00,35345.455
2011-05-19 00:00:00,24436.409
2011-05-21 00:00:00,31111.902
2011-05-23 00:00:00,35279.88
2011-05-25 00:00:00,64049.942
2011-05-27 00:00:00,14444.76657
2011-05-29 00:00:00,7487.54
2011-05-31 00:00:00,45804.425
2011-06-02 00:00:00,41050.065
2011-06-04 00:00:00,44510.343
2011-06-06 00:00:00,55093.474
2011-06-08 00:00:00,104937.537
2011-06-10 00:00:00,92208.2
2011-06-12 00:00:00,151247.97
2011-06-14 00:00:00,37148.761
2011-06-16 00:00:00,49202.535
2011-06-18 00:00:00,35551.752
2011-06-20 00:00:00,1.3
2011-06-22 00:00:00,1.59
2011-06-24 00:00:00,9.05
2011-06-26 00:00:00,13.98
2011-06-28 00:00:00,9.573
2011-06-30 00:00:00,12
2011-07-02 00:00:00,2.56
2011-07-04 00:00:00,15.547
2011-07-06 00:00:00,46.055
2011-07-08 00:00:00,54.05
2011-07-10 00:00:00,46.421
2011-07-12 00:00:00,39.27
2011-07-14 00:00:00,68.692
2011-07-16 00:00:00,61.814
2011-07-18 00:00:00,250.668
2011-07-20 00:00:00,83.524
2011-07-22 00:00:00,144.30699999
2011-07-24 00:00:00,159.75599999
2011-07-26 00:00:00,286.25099999
2011-07-28 00:00:00,209.28699997
2011-07-30 00:00:00,222.299
2011-08-01 00:00:00,232.20788245
2011-08-03 00:00:00,336.5585775
2011-08-05 00:00:00,356.76655434
2011-08-07 00:00:00,251.61924608
2011-08-09 00:00:00,302.99963918
2011-08-11 00:00:00,495.18394623
2011-08-13 00:00:00,249.116709
2011-08-15 00:00:00,347.45715348
2011-08-17 00:00:00,209.73174739
2011-08-19 00:00:00,494.79496358
2011-08-21 00:00:00,436.12040636
2011-08-23 00:00:00,436.49097008
2011-08-25 00:00:00,528.80113273
2011-08-27 00:00:00,442.90262282
2011-08-29 00:00:00,415.50936523
2011-08-31 00:00:00,467.74583082
2011-09-02 00:00:00,274.51907183
2011-09-04 00:00:00,371.51456099
2011-09-06 00:00:00,759.42158679
2011-09-08 00:00:00,508.25026627
2011-09-10 00:00:00,420.50172271
2011-09-12 00:00:00,513.55776312
2011-09-14 00:00:00,916.80001614
2011-09-16 00:00:00,1172.2394559
2011-09-18 00:00:00,473.84478675
2011-09-20 00:00:00,2264.52670949
2011-09-22 00:00:00,1511.93350335
2011-09-24 00:00:00,663.87873021
2011-09-26 00:00:00,735.6776582
2011-09-28 00:00:00,614.39729797
2011-09-30 00:00:00,669.49177907
2011-10-02 00:00:00,68.51869728
2011-10-04 00:00:00,777.9494899
2011-10-06 00:00:00,1025.1466152
2011-10-08 00:00:00,705.52761674
2011-10-10 00:00:00,809.69678129
2011-10-12 00:00:00,604.16812613
2011-10-14 00:00:00,579.6401758
2011-10-16 00:00:00,1433.47171964
2011-10-18 00:00:00,1838.43971658
2011-10-20 00:00:00,1508.64871657
2011-10-22 00:00:00,8665.42403801
2011-10-24 00:00:00,1358.09018145
2011-10-26 00:00:00,1180.18613035
2011-10-28 00:00:00,1151.98278184
2011-10-30 00:00:00,608.07642155
2011-11-01 00:00:00,1220.4575285
2011-11-03 00:00:00,713.42465637
2011-11-05 00:00:00,1409.8924075
2011-11-07 00:00:00,761.597109071
2011-11-09 00:00:00,4355.09297288
2011-11-11 00:00:00,1089.24777669
2011-11-13 00:00:00,537.11865099
2011-11-15 00:00:00,1560.50171472
2011-11-17 00:00:00,1751.70963006
2011-11-19 00:00:00,1189.36062954
2011-11-21 00:00:00,904.98880579
2011-11-23 00:00:00,1556.26356602
2011-11-25 00:00:00,915.69207517
2011-11-27 00:00:00,972.91370747
2011-11-29 00:00:00,25760.06404742
2011-12-01 00:00:00,65793.05439787
2011-12-03 00:00:00,124402.80391834
2011-12-05 00:00:00,33342.33030205
2011-12-07 00:00:00,62385.74211482
2011-12-09 00:00:00,35026.52144126
2011-12-11 00:00:00,110353.0740652
2011-12-13 00:00:00,30930.02318191
2011-12-15 00:00:00,26291.47355224
2011-12-17 00:00:00,16756.65892602
2011-12-19 00:00:00,147792.46773122
2011-12-21 00:00:00,53120.46258233
2011-12-23 00:00:00,28729.20695475
2011-12-25 00:00:00,85989.50278591
2011-12-27 00:00:00,35858.75903851
2011-12-29 00:00:00,55473.73650535
2011-12-31 00:00:00,132658.03748878
2012-01-02 00:00:00,71717.95644196
2012-01-04 00:00:00,136743.44568325
2012-01-06 00:00:00,226511.68080119
2012-01-08 00:00:00,58861.98655814
2012-01-10 00:00:00,114722.07895192
2012-01-12 00:00:00,145067.30059697
2012-01-14 00:00:00,148370.21069161
2012-01-16 00:00:00,127537.36838911
2012-01-18 00:00:00,232768.29421618
2012-01-20 00:00:00,70215.96180658
2012-01-22 00:00:00,46736.15403654
2012-01-24 00:00:00,39801.56617429
2012-01-26 00:00:00,127868.62691492
2012-01-28 00:00:00,93130.55456158
2012-01-30 00:00:00,43849.58239862
2012-02-01 00:00:00,120025.01326124
2012-02-03 00:00:00,63366.4812292999
2012-02-05 00:00:00,126343.44443456
2012-02-07 00:00:00,77276.05499515
2012-02-09 00:00:00,92898.75475033
2012-02-11 00:00:00,72889.8003447599
2012-02-13 00:00:00,174397.46352298
2012-02-15 00:00:00,181738.8105465
2012-02-17 00:00:00,140470.59379244
2012-02-19 00:00:00,64405.78884912
2012-02-21 00:00:00,58387.94385062
2012-02-23 00:00:00,168555.63498962
2012-02-25 00:00:00,90198.6386484899
2012-02-27 00:00:00,31778.0090199
2012-02-29 00:00:00,32183.93144742
2012-03-02 00:00:00,137535.87846999
2012-03-04 00:00:00,62774.5359665498
2012-03-06 00:00:00,50969.90089463
2012-03-08 00:00:00,63913.1362713201
2012-03-10 00:00:00,32668.05659565
2012-03-12 00:00:00,25070.07625766
2012-03-14 00:00:00,69637.76287525
2012-03-16 00:00:00,38333.77326639
2012-03-18 00:00:00,25203.90396741
2012-03-20 00:00:00,73660.66527991
2012-03-22 00:00:00,65276.50022392
2012-03-24 00:00:00,42631.95843871
2012-03-26 00:00:00,74789.88517545
2012-03-28 00:00:00,44287.69281862
2012-03-30 00:00:00,44117.8394505601
2012-04-01 00:00:00,39073.84699045
2012-04-03 00:00:00,85464.87708645
2012-04-05 00:00:00,38707.35227251
2012-04-07 00:00:00,85120.92122007
2012-04-09 00:00:00,41692.0272081
2012-04-11 00:00:00,75288.06516147
2012-04-13 00:00:00,99720.32710876
2012-04-15 00:00:00,35106.94767802
2012-04-17 00:00:00,40495.6440476
2012-04-19 00:00:00,56210.1883652
2012-04-21 00:00:00,66403.68029547
2012-04-23 00:00:00,56088.02948587
2012-04-25 00:00:00,41547.26224152
2012-04-27 00:00:00,32486.6500975099
2012-04-29 00:00:00,24342.38247436
2012-05-01 00:00:00,45217.30249434
2012-05-03 00:00:00,42351.13078353
2012-05-05 00:00:00,22732.46206969
2012-05-07 00:00:00,50832.00428775
2012-05-09 00:00:00,51968.67996869
2012-05-11 00:00:00,73881.88016578
2012-05-13 00:00:00,18890.7987408
2012-05-15 00:00:00,54934.37243207
2012-05-17 00:00:00,32966.39101936
2012-05-19 00:00:00,28792.44456886
2012-05-21 00:00:00,40420.92747997
2012-05-23 00:00:00,66146.84103474
2012-05-25 00:00:00,30226.48155092
2012-05-27 00:00:00,30303.62423395
2012-05-29 00:00:00,78430.57072158
2012-05-31 00:00:00,46747.39215659
2012-06-02 00:00:00,18496.1704875
2012-06-04 00:00:00,62461.8672767
2012-06-06 00:00:00,47971.24864645
2012-06-08 00:00:00,64518.991622
2012-06-10 00:00:00,29118.71987304
2012-06-12 00:00:00,98742.24486815
2012-06-14 00:00:00,52468.91553575
2012-06-16 00:00:00,87131.3261075899
2012-06-18 00:00:00,56862.9855985002
2012-06-20 00:00:00,79824.8494507101
2012-06-22 00:00:00,67148.9440721602
2012-06-24 00:00:00,38780.61597467
2012-06-26 00:00:00,64428.4934553601
2012-06-28 00:00:00,58620.82280978
2012-06-30 00:00:00,26906.67425785
2012-07-02 00:00:00,42200.35499925
2012-07-04 00:00:00,45539.8503259
2012-07-06 00:00:00,54537.29597328
2012-07-08 00:00:00,26509.60947054
2012-07-10 00:00:00,90673.64592067
2012-07-12 00:00:00,85183.2493069799
2012-07-14 00:00:00,22722.67376505
2012-07-16 00:00:00,121971.31509516
2012-07-18 00:00:00,125297.77865337
2012-07-20 00:00:00,185978.9702413
2012-07-22 00:00:00,38644.55658155
2012-07-24 00:00:00,53253.16231193
2012-07-26 00:00:00,44031.67819699
2012-07-28 00:00:00,26996.64934156
2012-07-30 00:00:00,71291.26131334
2012-08-01 00:00:00,84342.13110389
2012-08-03 00:00:00,81698.38907739
2012-08-05 00:00:00,86779.0030305899
2012-08-07 00:00:00,56880.99898941
2012-08-09 00:00:00,129148.87099669
2012-08-11 00:00:00,26146.13749457
2012-08-13 00:00:00,76820.61367104
2012-08-15 00:00:00,75184.8065576701
2012-08-17 00:00:00,267388.08897869
2012-08-19 00:00:00,277293.886102399
2012-08-21 00:00:00,94682.1386878402
2012-08-23 00:00:00,73479.05041649
2012-08-25 00:00:00,51586.84527548
2012-08-27 00:00:00,203423.38454934
2012-08-29 00:00:00,74272.48321189
2012-08-31 00:00:00,86619.62991859
2012-09-02 00:00:00,35321.79252598
2012-09-04 00:00:00,49978.34670065
2012-09-06 00:00:00,79910.4283157701
2012-09-08 00:00:00,30487.16434515
2012-09-10 00:00:00,50475.3569796
2012-09-12 00:00:00,70319.67221764
2012-09-14 00:00:00,55645.14486637
2012-09-16 00:00:00,37358.63047511
2012-09-18 00:00:00,57474.22759085
2012-09-20 00:00:00,43881.18251349
2012-09-22 00:00:00,20304.00991035
2012-09-24 00:00:00,39623.80187432
2012-09-26 00:00:00,33824.40842775
2012-09-28 00:00:00,35720.30132027
2012-09-30 00:00:00,11214.39775536
2012-10-02 00:00:00,68452.80124523
2012-10-04 00:00:00,52565.01344048
2012-10-06 00:00:00,33284.04868424
2012-10-08 00:00:00,116047.57656793
2012-10-10 00:00:00,38395.72394394
2012-10-12 00:00:00,30931.72006012
2012-10-14 00:00:00,29321.80242417
2012-10-16 00:00:00,53440.25079319
2012-10-18 00:00:00,31321.18469708
2012-10-20 00:00:00,26314.0447664
2012-10-22 00:00:00,45768.84568667
2012-10-24 00:00:00,31710.95305277
2012-10-26 00:00:00,120790.33583499
2012-10-28 00:00:00,29354.38843984
2012-10-30 00:00:00,41098.00570698
2012-11-01 00:00:00,63315.6392398
2012-11-03 00:00:00,26521.81284507
2012-11-05 00:00:00,40233.46260555
2012-11-07 00:00:00,48021.84857289
2012-11-09 00:00:00,28324.58167061
2012-11-11 00:00:00,19745.71666079
2012-11-13 00:00:00,28171.01586885
2012-11-15 00:00:00,48708.3832012701
2012-11-17 00:00:00,28720.37535499
2012-11-19 00:00:00,49994.15071509
2012-11-21 00:00:00,33593.47733777
2012-11-23 00:00:00,28253.74787657
2012-11-25 00:00:00,32815.851135
2012-11-27 00:00:00,52354.82148406
2012-11-29 00:00:00,44036.72525825
2012-12-01 00:00:00,23958.64751922
2012-12-03 00:00:00,43623.55683906
2012-12-05 00:00:00,47510.77382377
2012-12-07 00:00:00,56662.36074884
2012-12-09 00:00:00,38120.33268874
2012-12-11 00:00:00,42746.41813159
2012-12-13 00:00:00,42998.67315855
2012-12-15 00:00:00,21609.35459587
2012-12-17 00:00:00,93854.2985325001
2012-12-19 00:00:00,57247.47074621
2012-12-21 00:00:00,40325.54630987
2012-12-23 00:00:00,28984.77776679
2012-12-25 00:00:00,23226.07749247
2012-12-27 00:00:00,30488.42551592
2012-12-29 00:00:00,34954.17130187
2012-12-31 00:00:00,21161.64188042
2013-01-02 00:00:00,25873.28996254
2013-01-04 00:00:00,45479.16426695
2013-01-06 00:00:00,19112.88024798
2013-01-08 00:00:00,70527.17285993
2013-01-10 00:00:00,74946.32844484
2013-01-12 00:00:00,35893.69103465
2013-01-14 00:00:00,32755.68098726
2013-01-16 00:00:00,69389.14612596
2013-01-18 00:00:00,81256.47242598
2013-01-20 00:00:00,36038.32666296
2013-01-22 00:00:00,87548.38042832
2013-01-24 00:00:00,233108.82666892
2013-01-26 00:00:00,46798.0953216
2013-01-28 00:00:00,79908.9128012099
2013-01-30 00:00:00,64846.92062575
2013-02-01 00:00:00,69105.49348394
2013-02-03 00:00:00,45642.09891048
2013-02-05 00:00:00,44619.07072926
2013-02-07 00:00:00,91857.6523514801
2013-02-09 00:00:00,53805.8971169
2013-02-11 00:00:00,52733.04248401
2013-02-13 00:00:00,125607.75811112
2013-02-15 00:00:00,70492.64069489
2013-02-17 00:00:00,102062.256795
2013-02-19 00:00:00,138547.20087283
2013-02-21 00:00:00,62690.06481327
2013-02-23 00:00:00,101900.72082631
2013-02-25 00:00:00,42449.36755402
2013-02-27 00:00:00,50262.65005782
2013-03-01 00:00:00,66378.65718451
2013-03-03 00:00:00,25026.63211255
2013-03-05 00:00:00,128420.59255659
2013-03-07 00:00:00,227152.04437281
2013-03-09 00:00:00,67337.86494457
2013-03-11 00:00:00,66224.72190883
2013-03-13 00:00:00,77263.06014854
2013-03-15 00:00:00,35655.24261182
2013-03-17 00:00:00,26159.34180803
2013-03-19 00:00:00,171529.76573228
2013-03-21 00:00:00,153321.65257092
2013-03-23 00:00:00,214786.42529248
2013-03-25 00:00:00,125614.24687153
2013-03-27 00:00:00,132465.62594282
2013-03-29 00:00:00,131792.74653939
2013-03-31 00:00:00,35652.79804743
2013-04-02 00:00:00,153850.78171271
2013-04-04 00:00:00,152028.70751722
2013-04-06 00:00:00,49052.60667532
2013-04-08 00:00:00,209668.16484883
2013-04-10 00:00:00,362792.27950888
2013-04-12 00:00:00,905827.612833608
2013-04-14 00:00:00,241796.38128971
2013-04-16 00:00:00,850855.58361355
2013-04-18 00:00:00,266974.84826338
2013-04-20 00:00:00,116149.37927619
2013-04-22 00:00:00,94499.5201710401
2013-04-24 00:00:00,366091.52648653
2013-04-26 00:00:00,204445.99304621
2013-04-28 00:00:00,53571.16375309
2013-04-30 00:00:00,109985.45799702
2013-05-02 00:00:00,372358.04746982
2013-05-04 00:00:00,217522.19487372
2013-05-06 00:00:00,223372.60071394
2013-05-08 00:00:00,105169.75234598
2013-05-10 00:00:00,128752.97605633
2013-05-12 00:00:00,36508.70403662
2013-05-14 00:00:00,139060.84392093
2013-05-16 00:00:00,77426.05565035
2013-05-18 00:00:00,42217.67921669
2013-05-20 00:00:00,35966.19419825
2013-05-22 00:00:00,42777.02960678
2013-05-24 00:00:00,99450.6238311902
2013-05-26 00:00:00,41416.82107798
2013-05-28 00:00:00,45265.57965841
2013-05-30 00:00:00,51374.4125239901
2013-06-01 00:00:00,17110.62948024
2013-06-03 00:00:00,64036.66620265
2013-06-05 00:00:00,34533.68773474
2013-06-07 00:00:00,127894.88848098
2013-06-09 00:00:00,264903.568571969
2013-06-11 00:00:00,39282.4240666
2013-06-13 00:00:00,64591.2158595501
2013-06-15 00:00:00,43330.01734133
2013-06-17 00:00:00,31436.66606535
2013-06-19 00:00:00,38243.47274891
2013-06-21 00:00:00,81833.92933636
2013-06-23 00:00:00,23704.7700998
2013-06-25 00:00:00,119250.70466965
2013-06-27 00:00:00,32312.91915234
2013-06-29 00:00:00,42383.8869407
2013-07-01 00:00:00,114957.25141274
2013-07-03 00:00:00,141446.53378873
2013-07-05 00:00:00,187687.9109534
2013-07-07 00:00:00,73370.8278079601
2013-07-09 00:00:00,78185.39434379
2013-07-11 00:00:00,86942.2555470701
2013-07-13 00:00:00,65360.36444687
2013-07-15 00:00:00,73373.5112472901
2013-07-17 00:00:00,44275.11894842
2013-07-19 00:00:00,57107.01391568
2013-07-21 00:00:00,22937.60150725
2013-07-23 00:00:00,64803.01028741
2013-07-25 00:00:00,53077.57772677
2013-07-27 00:00:00,30190.80508084
2013-07-29 00:00:00,59426.30158222
2013-07-31 00:00:00,103173.40556994
2013-08-02 00:00:00,68633.47855356
2013-08-04 00:00:00,17741.42574964
2013-08-06 00:00:00,37991.14660775
2013-08-08 00:00:00,59569.29774596
2013-08-10 00:00:00,15468.9725892
2013-08-12 00:00:00,42369.47847967
2013-08-14 00:00:00,108131.277267
2013-08-16 00:00:00,38632.82390305
2013-08-18 00:00:00,24836.13462829
2013-08-20 00:00:00,59944.68276806
2013-08-22 00:00:00,50624.27296131
2013-08-24 00:00:00,26787.43955424
2013-08-26 00:00:00,42724.21575928
2013-08-28 00:00:00,46163.59571093
2013-08-30 00:00:00,105126.81274804
2013-09-01 00:00:00,42144.18158409
2013-09-03 00:00:00,52029.44781837
2013-09-05 00:00:00,86238.20495902
2013-09-07 00:00:00,43001.70637712
2013-09-09 00:00:00,82156.8174910502
2013-09-11 00:00:00,85397.2545347202
2013-09-13 00:00:00,48932.44548215
2013-09-15 00:00:00,24978.88954388
2013-09-17 00:00:00,36334.91802251
2013-09-19 00:00:00,56721.87375075
2013-09-21 00:00:00,18717.30869623
2013-09-23 00:00:00,28678.10879754
2013-09-25 00:00:00,39556.32417313
2013-09-27 00:00:00,69219.36179696
2013-09-29 00:00:00,51154.20644147
2013-10-01 00:00:00,38286.94837279
2013-10-03 00:00:00,110426.51389054
2013-10-05 00:00:00,21343.81142194
2013-10-07 00:00:00,43290.29054336
2013-10-09 00:00:00,84649.57616693
2013-10-11 00:00:00,42824.87327782
2013-10-13 00:00:00,74912.43011684
2013-10-15 00:00:00,89644.45021141
2013-10-17 00:00:00,85414.08820041
2013-10-19 00:00:00,224572.93615855
2013-10-21 00:00:00,148167.34915711
2013-10-23 00:00:00,158876.99734771
2013-10-25 00:00:00,159419.02046301
2013-10-27 00:00:00,78811.70954686
2013-10-29 00:00:00,78808.97473825
2013-10-31 00:00:00,58472.40945547
2013-11-02 00:00:00,42381.17991095
2013-11-04 00:00:00,141172.04480548
2013-11-06 00:00:00,213922.30783382
2013-11-08 00:00:00,250509.69686023
2013-11-10 00:00:00,406038.10526714
2013-11-12 00:00:00,200800.10280735
2013-11-14 00:00:00,237184.43486322
2013-11-16 00:00:00,157282.61368963
2013-11-18 00:00:00,487995.202782972
2013-11-20 00:00:00,416451.610371432
2013-11-22 00:00:00,197932.79578896
2013-11-24 00:00:00,195956.145450491
2013-11-26 00:00:00,181370.92835216
2013-11-28 00:00:00,262335.465305861
2013-11-30 00:00:00,121634.3730412
2013-12-02 00:00:00,231078.002706981
2013-12-04 00:00:00,134425.554487301
2013-12-06 00:00:00,345506.544360711
2013-12-08 00:00:00,199909.775790081
2013-12-10 00:00:00,197449.901699681
2013-12-12 00:00:00,143944.629910331
2013-12-14 00:00:00,108905.1253047
2013-12-16 00:00:00,336321.262522331
2013-12-18 00:00:00,667504.651960381
2013-12-20 00:00:00,256900.28167425
2013-12-22 00:00:00,149129.91735
2013-12-24 00:00:00,95276.97531921
2013-12-26 00:00:00,229633.42000875
2013-12-28 00:00:00,106914.77614775
2013-12-30 00:00:00,85787.5251069199
2014-01-01 00:00:00,69929.64995495
2014-01-03 00:00:00,175932.73681184
2014-01-05 00:00:00,245569.46664045
2014-01-07 00:00:00,301870.484919101
2014-01-09 00:00:00,198213.69678824
2014-01-11 00:00:00,188642.114705501
2014-01-13 00:00:00,209743.110205071
2014-01-15 00:00:00,136809.25365082
2014-01-17 00:00:00,136494.62950622
2014-01-19 00:00:00,104643.27923345
2014-01-21 00:00:00,68624.65618622
2014-01-23 00:00:00,50955.0394355
2014-01-25 00:00:00,95281.49727855
2014-01-27 00:00:00,143104.92286897
2014-01-29 00:00:00,67288.02054686
2014-01-31 00:00:00,39545.15034942
2014-02-02 00:00:00,47837.9574078
2014-02-04 00:00:00,44019.54496308
2014-02-06 00:00:00,122110.10690088
2014-02-08 00:00:00,150772.59351645
2014-02-10 00:00:00,367068.602318931
2014-02-12 00:00:00,211243.112352481
2014-02-14 00:00:00,523915.11127824
2014-02-16 00:00:00,293912.98591956
2014-02-18 00:00:00,176949.23925177
2014-02-20 00:00:00,360114.274684431
2014-02-22 00:00:00,309169.01216577
2014-02-24 00:00:00,411135.926537241
2014-02-26 00:00:00,393499.48273662
2014-02-28 00:00:00,186026.19385955
2014-03-02 00:00:00,61553.29452149
2014-03-04 00:00:00,373269.95394387
2014-03-06 00:00:00,130279.69067996
2014-03-08 00:00:00,160623.522977231
2014-03-10 00:00:00,139871.56437752
2014-03-12 00:00:00,120201.40821207
2014-03-14 00:00:00,111785.84401591
2014-03-16 00:00:00,46193.33200678
2014-03-18 00:00:00,130835.19825032
2014-03-20 00:00:00,92378.10237443
2014-03-22 00:00:00,91749.3128993201
2014-03-24 00:00:00,118636.45741904
2014-03-26 00:00:00,126081.32046163
2014-03-28 00:00:00,293787.072529821
2014-03-30 00:00:00,187512.18265488
2014-04-01 00:00:00,173171.28450557
2014-04-03 00:00:00,226510.663827141
2014-04-05 00:00:00,90333.76880527
2014-04-07 00:00:00,80330.86221057
2014-04-09 00:00:00,76689.4627756802
2014-04-11 00:00:00,317955.89928165
2014-04-13 00:00:00,105435.88987843
2014-04-15 00:00:00,286375.986227201
2014-04-17 00:00:00,192518.470638771
2014-04-19 00:00:00,134478.225058681
2014-04-21 00:00:00,119648.670520211
2014-04-23 00:00:00,54132.84505638
2014-04-25 00:00:00,240269.742276871
2014-04-27 00:00:00,71186.38498945
2014-04-29 00:00:00,105700.06277029
2014-05-01 00:00:00,69737.6462203701
2014-05-03 00:00:00,60812.01921055
2014-05-05 00:00:00,52117.50207733
2014-05-07 00:00:00,105508.70667377
2014-05-09 00:00:00,65591.06868397
2014-05-11 00:00:00,68467.74321111
2014-05-13 00:00:00,46022.71098216
2014-05-15 00:00:00,50782.75200053
2014-05-17 00:00:00,25563.61554881
2014-05-19 00:00:00,33072.9273995899
2014-05-21 00:00:00,77369.0955473101
2014-05-23 00:00:00,234366.432835033
2014-05-25 00:00:00,310159.170056173
2014-05-27 00:00:00,218615.421210661
2014-05-29 00:00:00,119703.09008362
2014-05-31 00:00:00,157733.95644879
2014-06-02 00:00:00,206966.071635211
2014-06-04 00:00:00,301348.744702624
2014-06-06 00:00:00,171609.75111578
2014-06-08 00:00:00,83297.3290579398
2014-06-10 00:00:00,119715.577950591
2014-06-12 00:00:00,262741.882238872
2014-06-14 00:00:00,250783.046404622
2014-06-16 00:00:00,237495.268719112
2014-06-18 00:00:00,144789.95585971
2014-06-20 00:00:00,140005.61303126
2014-06-22 00:00:00,96865.2231850599
2014-06-24 00:00:00,114374.62890549
2014-06-26 00:00:00,131117.37273814
2014-06-28 00:00:00,135020.175772271
2014-06-30 00:00:00,294068.884325623
2014-07-02 00:00:00,192135.7642897
2014-07-04 00:00:00,162623.79795857
2014-07-06 00:00:00,96240.7430086897
2014-07-08 00:00:00,95511.2198971199
2014-07-10 00:00:00,112022.47084551
2014-07-12 00:00:00,133902.645421211
2014-07-14 00:00:00,97749.2626402197
2014-07-16 00:00:00,84056.8340050698
2014-07-18 00:00:00,101938.178688429
2014-07-20 00:00:00,48629.6749565396
2014-07-22 00:00:00,58865.3821238397
2014-07-24 00:00:00,138076.639842471
2014-07-26 00:00:00,75413.57869458
2014-07-28 00:00:00,134120.170598291
2014-07-30 00:00:00,115581.78561754
2014-08-01 00:00:00,163309.373009621
2014-08-03 00:00:00,87886.9115184898
2014-08-05 00:00:00,94277.4401820097
2014-08-07 00:00:00,71765.4805575697
2014-08-09 00:00:00,54967.9639355597
2014-08-11 00:00:00,100633.79306372
2014-08-13 00:00:00,200026.513295072
2014-08-15 00:00:00,219464.930661963
2014-08-17 00:00:00,201713.969705961
2014-08-19 00:00:00,270253.239659695
2014-08-21 00:00:00,285015.785308375
2014-08-23 00:00:00,159359.645420341
2014-08-25 00:00:00,106542.03139754
2014-08-27 00:00:00,131826.246292201
2014-08-29 00:00:00,93557.5562658197
2014-08-31 00:00:00,140273.02561529
2014-09-02 00:00:00,136441.568622079
2014-09-04 00:00:00,137636.65667685
2014-09-06 00:00:00,64578.5507496194
2014-09-08 00:00:00,136976.56707675
2014-09-10 00:00:00,123556.22092729
2014-09-12 00:00:00,89981.8813259497
2014-09-14 00:00:00,71057.0643741897
2014-09-16 00:00:00,100805.35724824
2014-09-18 00:00:00,274322.070002981
2014-09-20 00:00:00,330972.923916324
2014-09-22 00:00:00,189840.876890991
2014-09-24 00:00:00,256302.426796532
2014-09-26 00:00:00,202793.615606271
2014-09-28 00:00:00,200626.901222981
2014-09-30 00:00:00,258517.74707102
2014-10-02 00:00:00,155950.71394433
2014-10-04 00:00:00,392064.294085124
2014-10-06 00:00:00,658873.175379981
2014-10-08 00:00:00,469567.574697049
2014-10-10 00:00:00,452399.46092794
2014-10-12 00:00:00,273197.971160154
2014-10-14 00:00:00,563540.619029033
2014-10-16 00:00:00,395579.694473494
2014-10-18 00:00:00,347285.955183276
2014-10-20 00:00:00,265880.382758582
2014-10-22 00:00:00,187720.407073085
2014-10-24 00:00:00,303888.603690633
2014-10-26 00:00:00,266184.828459576
2014-10-28 00:00:00,276400.311633885
2014-10-30 00:00:00,393607.415116715
2014-11-01 00:00:00,316520.800913143
2014-11-03 00:00:00,317545.635486594
2014-11-05 00:00:00,442072.807729266
2014-11-07 00:00:00,505170.661907875
2014-11-09 00:00:00,388509.230366734
2014-11-11 00:00:00,365674.668517215
2014-11-13 00:00:00,1745261.55202426
2014-11-15 00:00:00,607941.577223501
2014-11-17 00:00:00,835720.0679093
2014-11-19 00:00:00,465823.946496488
2014-11-21 00:00:00,544190.398801018
2014-11-23 00:00:00,375617.556307165
2014-11-25 00:00:00,719209.298339215
2014-11-27 00:00:00,378067.485267978
2014-11-29 00:00:00,629018.641515623
2014-12-01 00:00:00,380521.844211207
2014-12-03 00:00:00,381630.260028715
2014-12-05 00:00:00,361515.488635545
2014-12-07 00:00:00,199876.142502071
2014-12-09 00:00:00,576441.030913895
2014-12-11 00:00:00,684269.15422634
2014-12-13 00:00:00,268725.296761242
2014-12-15 00:00:00,209339.78106761
2014-12-17 00:00:00,550671.126864693
2014-12-19 00:00:00,402510.373574735
2014-12-21 00:00:00,315360.686491252
2014-12-23 00:00:00,398680.175999967
2014-12-25 00:00:00,259224.481874503
2014-12-27 00:00:00,489106.332826063
2014-12-29 00:00:00,362028.875104635
2014-12-31 00:00:00,265716.945138221
2015-01-02 00:00:00,157342.2436122
2015-01-04 00:00:00,838629.742459986
2015-01-06 00:00:00,395894.749585413
2015-01-08 00:00:00,357526.527522283
2015-01-10 00:00:00,384720.012565405
2015-01-12 00:00:00,343484.259422553
2015-01-14 00:00:00,1460699.03695148
2015-01-16 00:00:00,905529.854381986
2015-01-18 00:00:00,696919.218576571
2015-01-20 00:00:00,505257.538695775
2015-01-22 00:00:00,699322.683283524
2015-01-24 00:00:00,582747.1619609
2015-01-26 00:00:00,1572646.68877306
2015-01-28 00:00:00,653291.75556634
2015-01-30 00:00:00,607339.632496675
2015-02-01 00:00:00,578744.499416813
2015-02-03 00:00:00,789643.805422186
2015-02-05 00:00:00,480837.788985059
2015-02-07 00:00:00,483590.807191637
2015-02-09 00:00:00,421802.183380722
2015-02-11 00:00:00,352805.239912102
2015-02-13 00:00:00,670512.137990033
2015-02-15 00:00:00,952411.534846581
2015-02-17 00:00:00,568114.554067009
2015-02-19 00:00:00,359863.101781495
2015-02-21 00:00:00,313866.039132258
2015-02-23 00:00:00,314376.075268227
2015-02-25 00:00:00,288916.932167119
2015-02-27 00:00:00,639553.657129419
2015-03-01 00:00:00,386960.163347928
2015-03-03 00:00:00,666213.784472183
2015-03-05 00:00:00,602318.34396882
2015-03-07 00:00:00,383935.214703091
2015-03-09 00:00:00,692041.409244777
2015-03-11 00:00:00,478808.506780234
2015-03-13 00:00:00,465863.957731652
2015-03-15 00:00:00,271193.624031348
2015-03-17 00:00:00,336509.328849505
2015-03-19 00:00:00,883669.888876947
2015-03-21 00:00:00,389645.684167127
2015-03-23 00:00:00,462712.81705043
2015-03-25 00:00:00,734579.77301292
2015-03-27 00:00:00,442028.023275091
2015-03-29 00:00:00,436683.26519359
2015-03-31 00:00:00,387769.543517736
2015-04-02 00:00:00,447078.907835662
2015-04-04 00:00:00,271274.668426547
2015-04-06 00:00:00,337567.245533075
2015-04-08 00:00:00,460653.606523312
2015-04-10 00:00:00,484740.104440827
2015-04-12 00:00:00,259388.940829708
2015-04-14 00:00:00,522264.427651486
2015-04-16 00:00:00,398784.403730068
2015-04-18 00:00:00,316720.197193962
2015-04-20 00:00:00,301910.796997542
2015-04-22 00:00:00,311208.559512455
2015-04-24 00:00:00,324517.684392679
2015-04-26 00:00:00,472785.935957849
2015-04-28 00:00:00,343192.281727315
2015-04-30 00:00:00,472835.318335135
2015-05-02 00:00:00,265187.858245559
2015-05-04 00:00:00,358639.086724198
2015-05-06 00:00:00,339853.766242314
2015-05-08 00:00:00,348714.005782297
2015-05-10 00:00:00,298751.542502064
2015-05-12 00:00:00,273552.386023481
2015-05-14 00:00:00,264204.573555673
2015-05-16 00:00:00,119285.620456183
2015-05-18 00:00:00,157380.659492321
2015-05-20 00:00:00,135889.753669416
2015-05-22 00:00:00,253450.932007691
2015-05-24 00:00:00,134147.93734723
2015-05-26 00:00:00,151338.565464692
2015-05-28 00:00:00,130531.817457439
2015-05-30 00:00:00,156720.791941415
2015-06-01 00:00:00,234383.274986387
2015-06-03 00:00:00,169209.412296521
2015-06-05 00:00:00,168470.286141328
2015-06-07 00:00:00,129213.455354738
2015-06-09 00:00:00,200997.682381037
2015-06-11 00:00:00,160628.981970508
2015-06-13 00:00:00,153680.077830959
2015-06-15 00:00:00,234253.858542693
2015-06-17 00:00:00,443968.692692374
2015-06-19 00:00:00,283468.618741574
2015-06-21 00:00:00,139993.924438265
2015-06-23 00:00:00,184870.232945237
2015-06-25 00:00:00,173880.267401798
2015-06-27 00:00:00,224154.054920174
2015-06-29 00:00:00,326902.843859905
2015-07-01 00:00:00,302139.329042598
2015-07-03 00:00:00,193386.040472352
2015-07-05 00:00:00,493607.136216801
2015-07-07 00:00:00,272298.861800683
2015-07-09 00:00:00,305381.363924305
2015-07-11 00:00:00,412872.101233478
2015-07-13 00:00:00,473773.683025288
2015-07-15 00:00:00,219156.499077048
2015-07-17 00:00:00,253601.837038457
2015-07-19 00:00:00,127183.052535286
2015-07-21 00:00:00,195473.15687902
2015-07-23 00:00:00,146178.766195025
2015-07-25 00:00:00,212343.043672671
2015-07-27 00:00:00,257072.906061741
2015-07-29 00:00:00,227030.189008189
2015-07-31 00:00:00,253939.880873078
2015-08-02 00:00:00,186949.951404288
2015-08-04 00:00:00,201147.462889512
2015-08-06 00:00:00,184924.171032094
2015-08-08 00:00:00,345856.776127861
2015-08-10 00:00:00,256335.341286589
2015-08-12 00:00:00,292946.043222964
2015-08-14 00:00:00,270670.683424913
2015-08-16 00:00:00,258474.79173998
2015-08-18 00:00:00,423828.574627508
2015-08-20 00:00:00,450362.475373284
2015-08-22 00:00:00,478636.152229616
2015-08-24 00:00:00,769924.25332027
2015-08-26 00:00:00,597974.185259882
2015-08-28 00:00:00,449082.253752437
2015-08-30 00:00:00,265727.042843663
2015-09-01 00:00:00,307714.498958748
2015-09-03 00:00:00,221247.707086198
2015-09-05 00:00:00,283330.855034151
2015-09-07 00:00:00,238492.064664513
2015-09-09 00:00:00,274384.792709529
2015-09-11 00:00:00,189336.500878502
2015-09-13 00:00:00,213664.004229843
2015-09-15 00:00:00,282994.936684
2015-09-17 00:00:00,266206.268120371
2015-09-19 00:00:00,185871.08183254
2015-09-21 00:00:00,281453.205694263
2015-09-23 00:00:00,269027.747460377
2015-09-25 00:00:00,525460.269521022
2015-09-27 00:00:00,354644.185227763
2015-09-29 00:00:00,515042.824758875
2015-10-01 00:00:00,332338.555863302
2015-10-03 00:00:00,324109.398278682
2015-10-05 00:00:00,494527.674335954
2015-10-07 00:00:00,531035.872137187
2015-10-09 00:00:00,473829.047050683
2015-10-11 00:00:00,358465.52990409
2015-10-13 00:00:00,691448.982774262
2015-10-15 00:00:00,807106.656785878
2015-10-17 00:00:00,997013.508841604
2015-10-19 00:00:00,953296.515976009
2015-10-21 00:00:00,740725.0499914
2015-10-23 00:00:00,501014.822281439
2015-10-25 00:00:00,1186052.55459674
2015-10-27 00:00:00,1132732.94341777
2015-10-29 00:00:00,1678137.93764978
2015-10-31 00:00:00,1926756.58579418
2015-11-02 00:00:00,1747941.93848608
2015-11-04 00:00:00,2338185.59338295
2015-11-06 00:00:00,1940416.42242469
2015-11-08 00:00:00,709751.783470151
2015-11-10 00:00:00,1697456.38761625
2015-11-12 00:00:00,1487984.94314093
2015-11-14 00:00:00,606239.09682496
2015-11-16 00:00:00,614244.738988755
2015-11-18 00:00:00,465727.939341997
2015-11-20 00:00:00,705699.431568656
2015-11-22 00:00:00,503935.874807432
2015-11-24 00:00:00,710871.832028399
2015-11-26 00:00:00,2797723.4978457
2015-11-28 00:00:00,1684164.40800963
2015-11-30 00:00:00,2721860.51319285
2015-12-02 00:00:00,2938843.52930344
2015-12-04 00:00:00,2539257.91384001
2015-12-06 00:00:00,2903447.73138363
2015-12-08 00:00:00,2080190.53875916
2015-12-10 00:00:00,2526279.61739972
2015-12-12 00:00:00,3316962.42982852
2015-12-14 00:00:00,2812723.77829521
2015-12-16 00:00:00,3004628.63020718
2015-12-18 00:00:00,2120462.05758922
2015-12-20 00:00:00,2368125.57561085
2015-12-22 00:00:00,2568504.52217493
2015-12-24 00:00:00,3070175.26795684
2015-12-26 00:00:00,3860584.194563
2015-12-28 00:00:00,2610658.24444852
2015-12-30 00:00:00,2701490.44471786
2016-01-01 00:00:00,2518057.77566374
2016-01-03 00:00:00,2176269.32696642
2016-01-05 00:00:00,1714855.51620045
2016-01-07 00:00:00,3044427.52792536
2016-01-09 00:00:00,2146345.60169742
2016-01-11 00:00:00,2390629.06875747
2016-01-13 00:00:00,3626886.27186779
2016-01-15 00:00:00,3953964.59913882
2016-01-17 00:00:00,2909537.74680325
2016-01-19 00:00:00,2426194.59467908
2016-01-21 00:00:00,2929156.84711514
2016-01-23 00:00:00,2078907.7286342
2016-01-25 00:00:00,1779215.59367548
2016-01-27 00:00:00,2230697.63067292
2016-01-29 00:00:00,2985835.80097866
2016-01-31 00:00:00,1785101.65614434
2016-02-02 00:00:00,1451654.3222335
2016-02-04 00:00:00,2446208.67651548
2016-02-06 00:00:00,1894162.69317509
2016-02-08 00:00:00,1349464.13629226
2016-02-10 00:00:00,1951524.74831497
2016-02-12 00:00:00,1576712.87207647
2016-02-14 00:00:00,2902151.93865292
2016-02-16 00:00:00,2236814.90206343
2016-02-18 00:00:00,2909902.59250529
2016-02-20 00:00:00,2640684.84701124
2016-02-22 00:00:00,2398209.19166685
2016-02-24 00:00:00,2947456.56981916
2016-02-26 00:00:00,1987696.16441498
2016-02-28 00:00:00,2471447.69519336
2016-03-01 00:00:00,4856749.47807573
2016-03-03 00:00:00,5991750.65909223
2016-03-05 00:00:00,5989713.57655377
2016-03-07 00:00:00,5399024.39860275
2016-03-09 00:00:00,3927853.97143974
2016-03-11 00:00:00,5755961.64407776
2016-03-13 00:00:00,3585365.72777589
2016-03-15 00:00:00,5124610.67716314
2016-03-17 00:00:00,4094608.77254161
2016-03-19 00:00:00,4239708.19549728
2016-03-21 00:00:00,5356046.46570143
2016-03-23 00:00:00,4662952.92485609
2016-03-25 00:00:00,4561986.92299682
2016-03-27 00:00:00,5426597.60921055
2016-03-29 00:00:00,6176692.45165188
2016-03-31 00:00:00,3347659.43538648
2016-04-02 00:00:00,1475352.95777199
2016-04-04 00:00:00,1264573.91455723
2016-04-06 00:00:00,1272782.91595053
2016-04-08 00:00:00,1690534.98980069
2016-04-10 00:00:00,1112563.67252153
2016-04-12 00:00:00,2738006.83518591
2016-04-14 00:00:00,1469198.61095809
2016-04-16 00:00:00,1743892.05243689
2016-04-18 00:00:00,1264814.10562207
2016-04-20 00:00:00,2414858.30419656
2016-04-22 00:00:00,2672134.81808613
2016-04-24 00:00:00,3386056.66324574
2016-04-26 00:00:00,2734397.33840594
2016-04-28 00:00:00,3106682.52296918
2016-04-30 00:00:00,1433272.67435872
2016-05-02 00:00:00,1539035.70619513
2016-05-04 00:00:00,975488.288912613
2016-05-06 00:00:00,2014460.83446552
2016-05-08 00:00:00,1285542.43707666
2016-05-10 00:00:00,2031447.25114793
2016-05-12 00:00:00,1519553.58719722
2016-05-14 00:00:00,1139783.54227219
2016-05-16 00:00:00,1461039.88424407
2016-05-18 00:00:00,877977.817871697
2016-05-20 00:00:00,1290934.98113026
2016-05-22 00:00:00,857095.359116882
2016-05-24 00:00:00,953699.423563386
2016-05-26 00:00:00,1692331.70399866
2016-05-28 00:00:00,3923417.52833439
2016-05-30 00:00:00,1549604.62076023
2016-06-01 00:00:00,861897.112769626
2016-06-03 00:00:00,1607157.97067259
2016-06-05 00:00:00,1492333.87409023
2016-06-07 00:00:00,1539475.31425693
2016-06-09 00:00:00,943945.730281694
2016-06-11 00:00:00,1060702.55494697
2016-06-13 00:00:00,2366776.08914032
2016-06-15 00:00:00,1504072.32872007
2016-06-17 00:00:00,2414873.36069179
2016-06-19 00:00:00,1684260.91441938
2016-06-21 00:00:00,3302952.3488546
2016-06-23 00:00:00,3864680.39198045
2016-06-25 00:00:00,2812460.15949038
2016-06-27 00:00:00,2488225.21164137
2016-06-29 00:00:00,2034208.89599869
2016-07-01 00:00:00,2036166.33550675
2016-07-03 00:00:00,2461033.12713265
2016-07-05 00:00:00,1771729.67365626
2016-07-07 00:00:00,2834603.91099851
2016-07-09 00:00:00,2234164.51322249
2016-07-11 00:00:00,1396871.4434714
2016-07-13 00:00:00,1336183.13374069
2016-07-15 00:00:00,1165667.05077048
2016-07-17 00:00:00,1239748.2406332
2016-07-19 00:00:00,984676.409880864
2016-07-21 00:00:00,944075.723220749
2016-07-23 00:00:00,941593.523836494
2016-07-25 00:00:00,843210.961339347
2016-07-27 00:00:00,888079.83142446
2016-07-29 00:00:00,658365.8712886
2016-07-31 00:00:00,1322536.53775218
2016-08-02 00:00:00,2933879.1382691
2016-08-04 00:00:00,2464530.68117744
2016-08-06 00:00:00,1224132.81484454
2016-08-08 00:00:00,1145330.5341341
2016-08-10 00:00:00,1239188.5474981
2016-08-12 00:00:00,1128389.69257785
2016-08-14 00:00:00,1306758.42885339
2016-08-16 00:00:00,1127552.61671935
2016-08-18 00:00:00,800209.336125513
2016-08-20 00:00:00,761645.399920514
2016-08-22 00:00:00,670592.908945933
2016-08-24 00:00:00,649983.696375307
2016-08-26 00:00:00,591559.839661367
2016-08-28 00:00:00,584715.968874962
2016-08-30 00:00:00,721916.111498866
2016-09-01 00:00:00,622907.175459365
2016-09-03 00:00:00,965335.485474215
2016-09-05 00:00:00,997390.023195427
2016-09-07 00:00:00,775063.345577582
2016-09-09 00:00:00,1298142.53812891
2016-09-11 00:00:00,1963615.54333626
2016-09-13 00:00:00,1176570.86298921
2016-09-15 00:00:00,924579.863310574
2016-09-17 00:00:00,893733.568223067
2016-09-19 00:00:00,2069066.3242039
2016-09-21 00:00:00,2584209.29784824
2016-09-23 00:00:00,2437314.19042588
2016-09-25 00:00:00,1854660.24271311
2016-09-27 00:00:00,2333851.71489338
2016-09-29 00:00:00,2172906.97602667
2016-10-01 00:00:00,2513158.99371662
2016-10-03 00:00:00,1269034.25979656
2016-10-05 00:00:00,1529687.95726325
2016-10-07 00:00:00,1787519.134627
2016-10-09 00:00:00,1449837.66087406
2016-10-11 00:00:00,4625246.36458905
2016-10-13 00:00:00,3277195.90899631
2016-10-15 00:00:00,2563365.39753789
2016-10-17 00:00:00,1887639.72842395
2016-10-19 00:00:00,2939759.71751815
2016-10-21 00:00:00,2045864.75989854
2016-10-23 00:00:00,5477070.93897539
2016-10-25 00:00:00,4408087.05744699
2016-10-27 00:00:00,6890349.81358739
2016-10-29 00:00:00,9444148.80758037
2016-10-31 00:00:00,9581066.77546934
2016-11-02 00:00:00,6440548.18373284
2016-11-04 00:00:00,7893682.40002756
2016-11-06 00:00:00,3630656.5610019
2016-11-08 00:00:00,4227416.73106262
2016-11-10 00:00:00,4491755.91109939
2016-11-12 00:00:00,8458279.22668236
2016-11-14 00:00:00,7746018.76548566
2016-11-16 00:00:00,12643417.1019725
2016-11-18 00:00:00,5238957.23888002
2016-11-20 00:00:00,6446650.90423043
2016-11-22 00:00:00,4386687.33819425
2016-11-24 00:00:00,5301694.40437447
2016-11-26 00:00:00,2804377.37471981
2016-11-28 00:00:00,2782124.3808132
2016-11-30 00:00:00,8573580.41227501
2016-12-02 00:00:00,4956513.28184365
2016-12-04 00:00:00,4901301.89082791
2016-12-06 00:00:00,4177181.35232692
2016-12-08 00:00:00,3062830.50161742
2016-12-10 00:00:00,9970920.89327747
2016-12-12 00:00:00,9034944.3203844
2016-12-14 00:00:00,2674970.61786698
2016-12-16 00:00:00,3019484.9893219
2016-12-18 00:00:00,2487378.1212947
2016-12-20 00:00:00,3138886.08905816
2016-12-22 00:00:00,11440001.0141514
2016-12-24 00:00:00,7022033.38751603
2016-12-26 00:00:00,7371488.34217136
2016-12-28 00:00:00,6498369.37434949
2016-12-30 00:00:00,6130766.73672959
2017-01-01 00:00:00,4808908.15636381
2017-01-03 00:00:00,5938833.29449241
2017-01-05 00:00:00,14016142.7935347
2017-01-07 00:00:00,9608192.95292234
2017-01-09 00:00:00,5054111.36384485
2017-01-11 00:00:00,7259923.28873531
2017-01-13 00:00:00,2769802.98139804
2017-01-15 00:00:00,1354830.74538438
2017-01-17 00:00:00,1786199.64255548
2017-01-19 00:00:00,1214329.35383392
2017-01-21 00:00:00,976044.437781595
2017-01-23 00:00:00,713704.933561648
2017-01-25 00:00:00,110448.289379202
2017-01-27 00:00:00,88739.2697240881
2017-01-29 00:00:00,45960.3583506087
2017-01-31 00:00:00,144215.040478726
2017-02-02 00:00:00,134077.688759718
2017-02-04 00:00:00,135232.17140355
2017-02-06 00:00:00,106536.779091026
2017-02-08 00:00:00,194814.272156206
2017-02-10 00:00:00,179651.164901886
2017-02-12 00:00:00,57533.4128378091
2017-02-14 00:00:00,108051.168197643
2017-02-16 00:00:00,105876.939319789
2017-02-18 00:00:00,80630.9551342799
2017-02-20 00:00:00,79866.8095710229
2017-02-22 00:00:00,120164.150699498
2017-02-24 00:00:00,250750.089009101
2017-02-26 00:00:00,88561.9249610141
2017-02-28 00:00:00,116613.795560223
2017-03-02 00:00:00,170252.130081844
2017-03-04 00:00:00,100999.479869339
2017-03-06 00:00:00,77538.9234191466
2017-03-08 00:00:00,224145.208705791
2017-03-10 00:00:00,354881.540267602
2017-03-12 00:00:00,85534.0813629117
2017-03-14 00:00:00,89105.8617125178
2017-03-16 00:00:00,204377.127729578
2017-03-18 00:00:00,328444.413722997
2017-03-20 00:00:00,118751.587358744
2017-03-22 00:00:00,197292.843169905
2017-03-24 00:00:00,221471.247368766
2017-03-26 00:00:00,141622.0411757
2017-03-28 00:00:00,140129.099534418
2017-03-30 00:00:00,135942.930542538
2017-04-01 00:00:00,104457.040803357
2017-04-03 00:00:00,154055.277691416
2017-04-05 00:00:00,113754.556962108
2017-04-07 00:00:00,109260.178122521
2017-04-09 00:00:00,80244.6027471268
2017-04-11 00:00:00,80483.1165667805
2017-04-13 00:00:00,116321.997355884
2017-04-15 00:00:00,51527.3631795176
2017-04-17 00:00:00,78489.6362669168
2017-04-19 00:00:00,74601.6681714727
2017-04-21 00:00:00,90943.7871355759
2017-04-23 00:00:00,80346.6444226934
2017-04-25 00:00:00,85059.8459687293
2017-04-27 00:00:00,128157.73938026
2017-04-29 00:00:00,73656.0951682977
2017-05-01 00:00:00,169800.98681585
2017-05-03 00:00:00,155634.329494231
2017-05-05 00:00:00,241297.458330587
2017-05-07 00:00:00,102573.352454529
2017-05-09 00:00:00,259845.88956809
2017-05-11 00:00:00,209145.91533275
2017-05-13 00:00:00,156251.057291186
2017-05-15 00:00:00,171090.342546312
2017-05-17 00:00:00,166169.486344592
2017-05-19 00:00:00,158617.202856451
2017-05-21 00:00:00,139267.549675059
2017-05-23 00:00:00,196841.118802017
2017-05-25 00:00:00,391144.601154767
2017-05-27 00:00:00,301690.494508535
2017-05-29 00:00:00,143274.275462621
2017-05-31 00:00:00,193209.302767834
2017-06-02 00:00:00,133440.707733074
2017-06-04 00:00:00,104956.165848422
2017-06-06 00:00:00,265631.268190371
2017-06-08 00:00:00,141492.90508994
2017-06-10 00:00:00,126605.635593407
2017-06-12 00:00:00,297047.729979243
2017-06-14 00:00:00,229692.136776307
2017-06-16 00:00:00,166806.063186874
2017-06-18 00:00:00,120470.494563894
2017-06-20 00:00:00,166676.735786685
2017-06-22 00:00:00,107525.563862151
2017-06-24 00:00:00,119242.429868059
2017-06-26 00:00:00,215223.840132259
2017-06-28 00:00:00,141472.190398756
2017-06-30 00:00:00,92080.6757260229
2017-07-02 00:00:00,95866.2557627364
2017-07-04 00:00:00,113711.696522892
2017-07-06 00:00:00,80981.5748011844
2017-07-08 00:00:00,73379.153646305
2017-07-10 00:00:00,171280.32300013
2017-07-12 00:00:00,139492.031653988
2017-07-14 00:00:00,155102.352414228
2017-07-16 00:00:00,241486.534361209
2017-07-18 00:00:00,257846.828495577
2017-07-20 00:00:00,384760.906940195
2017-07-22 00:00:00,169546.778333186
2017-07-24 00:00:00,111903.255012256
2017-07-26 00:00:00,167123.265380885
2017-07-28 00:00:00,189947.03390937
2017-07-30 00:00:00,108567.914010449
2017-08-01 00:00:00,195526.734488239
2017-08-03 00:00:00,111344.001551397
2017-08-05 00:00:00,246127.299512073
2017-08-07 00:00:00,142256.291988812
2017-08-09 00:00:00,142806.364965682
2017-08-11 00:00:00,145896.467144987
2017-08-13 00:00:00,239254.94922525
2017-08-15 00:00:00,300563.128932789
2017-08-17 00:00:00,194886.77988405
2017-08-19 00:00:00,176271.662956878
2017-08-21 00:00:00,138108.879985486
2017-08-23 00:00:00,145630.586660059
2017-08-25 00:00:00,118416.0063541
2017-08-27 00:00:00,63977.5250641321
2017-08-29 00:00:00,148434.725688589
2017-08-31 00:00:00,113790.195595195
2017-09-02 00:00:00,208240.910918157
2017-09-04 00:00:00,253731.653597641
2017-09-06 00:00:00,175475.349409875
2017-09-08 00:00:00,266293.16569421
2017-09-10 00:00:00,179426.655166131
2017-09-12 00:00:00,168085.444706134
2017-09-14 00:00:00,420133.833406005
2017-09-16 00:00:00,224962.248198734
2017-09-18 00:00:00,198649.892120242
2017-09-20 00:00:00,115051.929323017
2017-09-22 00:00:00,139067.444066126
2017-09-24 00:00:00,64119.4965529417
2017-09-26 00:00:00,86030.1505054585
2017-09-28 00:00:00,116337.088355632
2017-09-30 00:00:00,91577.7744665806
2017-10-02 00:00:00,96314.4532258085
2017-10-04 00:00:00,84187.6278325276
2017-10-06 00:00:00,83762.3591520295
2017-10-08 00:00:00,89486.4988399598
2017-10-10 00:00:00,128177.958613043
2017-10-12 00:00:00,215213.175447055
2017-10-14 00:00:00,99556.1154290628
2017-10-16 00:00:00,100347.979135865
2017-10-18 00:00:00,193335.580480594
2017-10-20 00:00:00,167711.148898265
2017-10-22 00:00:00,133109.62262905
2017-10-24 00:00:00,188979.350596078
2017-10-26 00:00:00,128843.806105648
2017-10-28 00:00:00,76193.1029722297
2017-10-30 00:00:00,106170.809642599
2017-11-01 00:00:00,166352.548535242
2017-11-03 00:00:00,188892.815167987
2017-11-05 00:00:00,124889.683364019
2017-11-07 00:00:00,121251.175419936
2017-11-09 00:00:00,153182.892753096
2017-11-11 00:00:00,219799.99258313
2017-11-13 00:00:00,300786.130459765
2017-11-15 00:00:00,199969.266305934
2017-11-17 00:00:00,194496.671062242
2017-11-19 00:00:00,104685.17470294
2017-11-21 00:00:00,177548.324478244
2017-11-23 00:00:00,96456.480577096
2017-11-25 00:00:00,120670.373217772
2017-11-27 00:00:00,171720.443818465
2017-11-29 00:00:00,442187.094436036
2017-12-01 00:00:00,216229.570980284
2017-12-03 00:00:00,206109.083586794
2017-12-05 00:00:00,132462.867806494
2017-12-07 00:00:00,399619.21871022
2017-12-09 00:00:00,220308.015820372
2017-12-11 00:00:00,221957.987131136
2017-12-13 00:00:00,181740.136804627
2017-12-15 00:00:00,175309.045457369
2017-12-17 00:00:00,137334.748021008
2017-12-19 00:00:00,201004.188143129
2017-12-21 00:00:00,200021.289342224
2017-12-23 00:00:00,192454.685984199
2017-12-25 00:00:00,121095.632515082
2017-12-27 00:00:00,163656.722459263
2017-12-29 00:00:00,136179.577860688
2017-12-31 00:00:00,135089.851981127
2018-01-02 00:00:00,160063.97876794
2018-01-04 00:00:00,150615.233954831
2018-01-06 00:00:00,96905.0574900335
2018-01-08 00:00:00,174647.076953824
2018-01-10 00:00:00,169838.735213967
2018-01-12 00:00:00,118392.976705088
2018-01-14 00:00:00,96436.4275999553
2018-01-16 00:00:00,387061.814222381
2018-01-18 00:00:00,259396.683696989
2018-01-20 00:00:00,147087.653200523
2018-01-22 00:00:00,204676.911135863
2018-01-24 00:00:00,143007.936976058
2018-01-26 00:00:00,174907.380314917
2018-01-28 00:00:00,107049.267927958
2018-01-30 00:00:00,208193.787773019
2018-02-01 00:00:00,280035.077369905
2018-02-03 00:00:00,182479.14829346
2018-02-05 00:00:00,427016.015521978
2018-02-07 00:00:00,348110.63275829
2018-02-09 00:00:00,208331.389960525
2018-02-11 00:00:00,159384.416877136
2018-02-13 00:00:00,136343.97613502
2018-02-15 00:00:00,223728.485967605
2018-02-17 00:00:00,165315.819195082
2018-02-19 00:00:00,143747.981786326
